00000000000000000000000000000000000000000000000000000000000000000000000000000000
00000110000000000000000000000000000000000000000000000000000000000000000000000000
00000110000000000000000000000000000000000000000000000000000000000000000000000000
00000000000000000000000000000000000000000000000000000000000000001100000000000000
00000000000000000000000000000000001100000000000000000000000000001100000000000000
00000000000000000000000000000000001000000000000000000000000000000000000000000000
00000000000000010000000000000000000001000000000000000000000000000000000000000000
00000000000000100000000000000000000011000000000000000000000000000000000000000000
00000000000000111000000000000000000000000000000000000000000000000000000000000000
00000000000000000000000000000000000000000000000000000000000000000000000000000000
00000000000000000000000000000000000000000000000000000000000000000000000000000000
00000000000000000000000000000000000000000000000000001110000000000000000000000000
00000000000000000000000000000000000100000000000000000100000000000000000000000000
00000000000000011100000000000000000010000000000000000100000000000000000000000000
00000000000000000000000000000000001110000000000000001110000000000000000000000000
00000000000000000000000000000000000000000000000000000000000000000000000000000000
00000000000000000000000000000000000000000000000000001110000000000000000000000000
00000000000000000000000000000000000000000000000000001110000000000000000000000000
00000000000000000000000000000000000000000000000000000000000000000000000000000000
00000000000000000000000000000000000000000000000000001110000000000000000000000000
00000000110000000000000000000000000000000000000000000100000000000000000000000000
00000010001000000000000000000000000000000000000000000100000000000000000000000000
00000001001000000000000000000000000000000000000000001110000000000000000000000000
00000000100000000000000000000000000000000000000000000000000000000000000000000000
00000000000000000000000000000000000000000000000000000000000000000000000000000000