00000000000000000000000000000000000000000000000000000000000000000000000000000000
00000000000000000000000000000000000000000000000000000000000000000000000000000000
00000000000001000001000000000000000000000000000000000000000000000000000000000000
00000000000001000001000000000000000000000000000000000000000000000000000000000000
00000000000001100011000000000000000000000000000000000000000000000000000000000000
00000000000000000000000000000000000000000000000000000000000010000000000000000000
00000000011100110110011100000000000000000000000000000000000001000000000000000000
00000000000101010101010000000000000000000000000000000000000111000000000000000000
00000000000001100011000000000000000000000000000000000000000000000000000000000000
00000000000000000000000000000000000000000000000000000000000000000000000000000000
00000000000001100011000000000000000000000000000000000000000000000110000000000000
00000000000101010101010000000000000000000000000000000000000000000110000000000000
00000000011100110110011100000000000000000000000000000000000000000000000000000000
00000000000000000000000000000000000000000000110000000000000000000000000000000000
00000000000001100011000000000000000000000000110000000000000111000000000000000000
00000000000001000001000000000000000000000000000000000000000001000000000000000000
00000000000001000001000000000000000000000000000000000000000010000000000000000000
00101000100000000000000000000000000000000000000000000000000000000000000000000000
01010001000000000000000000001111110000000000000000000000000000000000000000000000
00000100010000010000000000010000010000000000000000000000000000000000000000000000
01010010001001010000000000000000010000000000000000000000000000000000000000000000
00001000100010010000000000010000100000000000000000000000000000000111100000000000
10010001000100000000000000000110000000000000000000000000000000001111000000000000
00100100010000000000000000000000000000000000000000000000000000000000000000000000
00000000000000000000000000000000000000000000000000000000000000000000000000000000