00000000000000000000000000000000000000000000000000000000000000000000000000000000
00000000000000000000000000000000000000000000000000000000000000000000000000000000
00000000000001010000100000000010000011100000000000000000000000000000000000000000
00000000010000100001110000000010100100000000000000000000000000000000000000000000
00000000110000100000100000000011000100000000000000000001110000000000000000000000
00000000000000100000000000000000000010000000000000000000100000000000000000000000
00000000000001010000000000000000000000000000000000000000100000000000000000000000
00000000000000000000000000000000000000000000000000000001110000000000000000000000
00000000000000000000000000000000000000000000000000000000000000000000000000000000
00000000000000000000000000000000100000000000000000000001110000000000000000000000
00000000000000000001000000000000101000000000000000000001110000000000000000000000
00000000000000000010000000000000110000000000000000000000000000000000000000000000
00000000000000000011100000000000000000000000000000000001110000000000000000000000
00000000000000000000000000000000000000000000100000000000100000000000000000000000
00000000000000000000000000000000000000100010100000000000100000000000000000000000
00000000001000000000000000000000000000100001100000000001110000000000000000000000
00000000010000000010000000000000000000100000000000000000000000000000000000000000
00000000100000000100000000000000000000000000000000000000000000000000000000000000
00000001000000001000000000000000000000000000000000000000000000010000000000000000
00000010000000010000000000000000010000000000000000000000000000100100000000000000
00000100000000100000000000000000010000000000000000000000000000010100000000000000
00001000000001000000000000000000101000000000000011000000000000100100000000000000
00010000000010000000000000000000000000000000000010100000000000010000000000000000
00000110000100000000000000000000000000000000000001100000000000000000000000000000
00000110001000000000000000000000000000000000000000000000000000000000000000000000