00000000000000000000000000000000000000000000000000000000000000000000000000000000
00000000000000000000000000000000000000000000000000000000000000000000000000000000
00000110000011000000000000000000000000000000000000000000000000000000000000000000
00000110000011000000000000000000000000000000000000000000000000000000000000000000
00000000000000000000000000000000000000000000000000000000000000000000000000000000
00000000011000000000000000000000000000000000000000000000011100000000000000000000
00000000011000000000000000000000000000000000000000000000010000000000000000000000
00000000000000000000000000000000000000000000000000000000001000000000000000000000
00000000000000000000000000000000000000000000000000000000000000000000000000000000
00000000000000000000000000000000000000000000000000000000100000000000000000000000
00000000000000000000000000000000000000000000000000000000010000000000000000000000
00000000000000000000000000011011000000000000000000000001110000000000000000000000
00000000000000000000000000100000100000000000000000000001110000000000000000000000
00000000000000000000000000100000010011000000000000000000000000000000000000000000
00000000000000000000000000111000100011000000000000000000000000000000000000000000
00000000000000000000000000000001000000000000000000000000000000000000000000000000
00000000000000000000000000000000000000000000000000000010001100000000000000000000
00000000000000000000000000000000000000000000000000000011110000000000000000000000
00000000000000000000000000000000000000000000000000000011000100000000000000000000
00000000000000000000000001100000000000000000000000000011010100000000000000000000
00000000000000000000000001000000000000000000000000000000101000000000000000000000
00000000000000000000000000111000000000000000000000000000000000000000000000000000
00000000000000000000000000001000000000000000000000000000000000000000000000000000
00000000000000000000000000000000000000000000000000000000000000000000000000000000
00000000000000000000000000000000000000000000000000000000000000000000000000000000